K: 5, Accuracy: 0.10028571428571428
Confusion Matrix:
[[2808 3332 2752 2797 2741 2519 2775 2918 2564 2794]
 [   0    0    0    0    0    0    0    0    0    0]
 [   0    0    0    0    0    0    0    0    0    0]
 [   0    0    0    0    0    0    0    0    0    0]
 [   0    0    0    0    0    0    0    0    0    0]
 [   0    0    0    0    0    0    0    0    0    0]
 [   0    0    0    0    0    0    0    0    0    0]
 [   0    0    0    0    0    0    0    0    0    0]
 [   0    0    0    0    0    0    0    0    0    0]
 [   0    0    0    0    0    0    0    0    0    0]]

